8.800000000000000000e+02 2.140000000000000000e+02 7.310000000000000000e+02 2.380000000000000000e+02
4.300000000000000000e+01 2.030000000000000000e+02 2.200000000000000000e+01 2.480000000000000000e+02
2.700000000000000000e+02 1.970000000000000000e+02 2.040000000000000000e+02 2.300000000000000000e+02
8.860000000000000000e+02 3.470000000000000000e+02 9.030000000000000000e+02 3.420000000000000000e+02
7.450000000000000000e+02 3.020000000000000000e+02 6.350000000000000000e+02 3.160000000000000000e+02
9.430000000000000000e+02 1.280000000000000000e+02 8.670000000000000000e+02 1.770000000000000000e+02
4.760000000000000000e+02 5.900000000000000000e+02 9.580000000000000000e+02 5.720000000000000000e+02
4.190000000000000000e+02 2.140000000000000000e+02 3.280000000000000000e+02 2.440000000000000000e+02
3.170000000000000000e+02 3.350000000000000000e+02 4.260000000000000000e+02 3.860000000000000000e+02
7.830000000000000000e+02 5.210000000000000000e+02 1.064000000000000000e+03 4.700000000000000000e+02
2.350000000000000000e+02 4.270000000000000000e+02 4.800000000000000000e+02 4.950000000000000000e+02
6.650000000000000000e+02 4.290000000000000000e+02 9.640000000000000000e+02 4.190000000000000000e+02
6.550000000000000000e+02 3.620000000000000000e+02 6.950000000000000000e+02 3.740000000000000000e+02
4.270000000000000000e+02 3.330000000000000000e+02 5.050000000000000000e+02 3.720000000000000000e+02
4.120000000000000000e+02 4.150000000000000000e+02 6.450000000000000000e+02 4.520000000000000000e+02
7.460000000000000000e+02 3.510000000000000000e+02 6.920000000000000000e+02 3.590000000000000000e+02
4.340000000000000000e+02 4.150000000000000000e+02 7.120000000000000000e+02 4.440000000000000000e+02
5.250000000000000000e+02 2.340000000000000000e+02 4.650000000000000000e+02 2.630000000000000000e+02
7.160000000000000000e+02 3.080000000000000000e+02 5.910000000000000000e+02 3.240000000000000000e+02
6.020000000000000000e+02 1.870000000000000000e+02 4.470000000000000000e+02 2.130000000000000000e+02
